%YAML:1.0
---
cameraMatrix: !!opencv-matrix
   rows: 3
   cols: 3
   dt: d
   data: [ 1.7716332922269255e+03, 0., 1.0116318371904985e+03, 0.,
       1.7799409283362343e+03, 7.9049872908394582e+02, 0., 0., 1. ]
distCoeffs: !!opencv-matrix
   rows: 14
   cols: 1
   dt: d
   data: [ -4.4911398630957372e+01, 5.3219372352455150e+02,
       3.4313191603800529e-03, 9.4870126237276212e-04,
       -4.7466125739815749e+02, -4.4714567650987412e+01,
       5.2352459046620754e+02, -3.7783578136569048e+02, 0., 0., 0., 0.,
       0., 0. ]
rotationVector: !!opencv-matrix
   rows: 3
   cols: 1
   dt: d
   data: [ 1.3255929315760982e-03, -2.1558389497344714e-04,
       1.1709546541856790e-03 ]
translationVector: !!opencv-matrix
   rows: 3
   cols: 1
   dt: d
   data: [ 2.0036050851196192e+00, 3.6778874088569189e+01,
       2.1805095884095941e+01 ]
