%YAML:1.0
---
cameraMatrix: !!opencv-matrix
   rows: 3
   cols: 3
   dt: d
   data: [ 1.7378123477943279e+03, 0., 1.0042585987241383e+03, 0.,
       1.7410235975232004e+03, 8.3381057449657351e+02, 0., 0., 1. ]
distCoeffs: !!opencv-matrix
   rows: 14
   cols: 1
   dt: d
   data: [ -8.3505368262812263e-01, -6.5404113224030205e+00,
       -7.0280364403249010e-04, 4.8566165126906561e-04,
       1.1334320846881414e+00, -5.6141115867104774e-01,
       -6.9859547505727528e+00, 8.5985353184191843e-02, 0., 0., 0., 0.,
       0., 0. ]
