%YAML:1.0
---
cameraMatrix: !!opencv-matrix
   rows: 3
   cols: 3
   dt: d
   data: [ 1.7442868892746892e+03, 0., 1.0238099634120815e+03, 0.,
       1.7457119052014457e+03, 7.9721755412321249e+02, 0., 0., 1. ]
distCoeffs: !!opencv-matrix
   rows: 14
   cols: 1
   dt: d
   data: [ -2.3689761565781908e+00, 6.3642255841579134e+00,
       -1.3197895262480159e-03, -1.0734333363516687e-03,
       -7.7203064526882070e-01, -2.1234400284017489e+00,
       5.7332785991168560e+00, 6.4032164575967021e-01, 0., 0., 0., 0.,
       0., 0. ]
rotationVector: !!opencv-matrix
   rows: 3
   cols: 1
   dt: d
   data: [ 1.9306543759616197e-04, 3.7674870314434814e-03,
       2.3858347393197468e-03 ]
translationVector: !!opencv-matrix
   rows: 3
   cols: 1
   dt: d
   data: [ -8.8656880890128633e+00, 3.0563380026968183e+01,
       5.4085590163740234e+00 ]

