%YAML:1.0
---
cameraMatrix: !!opencv-matrix
   rows: 3
   cols: 3
   dt: d
   data: [ 1.7559207842656372e+03, 0., 9.6262520595691637e+02, 0.,
       1.7663706884974226e+03, 8.1897063621094264e+02, 0., 0., 1. ]
distCoeffs: !!opencv-matrix
   rows: 14
   cols: 1
   dt: d
   data: [ 6.6824503975989495e+00, -3.0698543914017709e+00,
       -1.5117975543986317e-03, -2.8319887112452265e-03,
       9.2379590739937856e-01, 6.9855260560556260e+00,
       -1.7675112661035810e+00, 1.1682764812705237e-01, 0., 0., 0., 0.,
       0., 0. ]
rotationVector: !!opencv-matrix
   rows: 3
   cols: 1
   dt: d
   data: [ -1.5094529287711388e-02, 2.3701042055792966e-02,
       -9.6739037010911116e-04 ]
translationVector: !!opencv-matrix
   rows: 3
   cols: 1
   dt: d
   data: [ 6.9079712416334722e+00, 2.6536013835120160e+00,
       9.8510904280030349e+00 ]
